start time: 30.93
1 2329.0766765595931 0.50666666666666671 10080000 0.018005115089514065 160400 0.40083333333333332 0.024049999999999998 0.75 0.0074999999999999997 
2 2417.4487933222945 0.75666666666666671 13080000 0.018005115089514065 160400 0.40083333333333332 0.024049999999999998 0.75 0.0074999999999999997 
3 2290.5874116472114 0.50666666666666671 10080000 0.03150895140664961 213199.99999999997 0.40083333333333332 0.024049999999999998 0.75 0.0074999999999999997 
4 2154.8540716530915 0.50666666666666671 10080000 0.03150895140664961 213199.99999999997 0.65083333333333337 0.039050000000000001 0.75 0.0074999999999999997 
5 2154.8624146273864 0.50666666666666671 10080000 0.03150895140664961 213199.99999999997 0.65083333333333337 0.039050000000000001 1 0.01 
6 2487.0174506960966 0.25666666666666671 7080000 0.038260869565217383 239599.99999999997 0.65083333333333337 0.039050000000000001 0.875 0.0087500000000000008 
7 2271.3872573753515 0.63166666666666671 11580000 0.023069053708439896 180200 0.46333333333333337 0.027800000000000002 0.78125 0.0078125 
8 2166.447500031516 0.56916666666666671 10830000 0.040792838874680298 249499.99999999997 0.68208333333333337 0.040925000000000003 0.890625 0.008906250000000001 
9 2172.2372774658634 0.60041666666666671 11205000 0.031930946291560097 214850 0.82270833333333337 0.049362500000000004 0.9609375 0.0096093749999999999 
10 2190.5266458546594 0.45979166666666671 9517500 0.044801790281329912 265174.99999999994 0.93989583333333337 0.056393749999999999 1 0.01 
11 2156.5870452812155 0.50276041666666671 10033125 0.039368606138107408 243931.24999999997 0.82075520833333337 0.049245312499999999 0.9599609375 0.0095996093750000001 
12 2169.7954251644801 0.44221354166666671 9306562.5 0.039658727621483369 245065.62499999997 0.57954427083333337 0.034772656249999999 0.83935546875 0.0083935546875000006 
13 2150.4841705873455 0.48176432291666671 9781171.875 0.037726782289002551 237511.71874999997 0.64033528645833337 0.038420117187499998 0.8697509765625 0.008697509765625 
14 2184.4113794235182 0.42976236979166671 9157148.4375 0.029263806745524285 204421.48437499994 0.69929524739583337 0.041957714843750001 0.89923095703125 0.0089923095703125008 
15 2153.1655199482079 0.53431559244791671 10411787.109375 0.037910580842391295 238230.37109374997 0.68638631184895837 0.041183178710937504 0.8927764892578125 0.0089277648925781255 
16 2202.9905329296307 0.51194620768229171 10143354.4921875 0.029959026834239129 207139.794921875 0.49343892415364587 0.02960633544921875 0.79630279541015625 0.0079630279541015626 
17 2149.6336298947813 0.50505686442057296 10060682.373046875 0.037016211312140335 234733.38623046872 0.7389261372884115 0.044335568237304689 0.91904640197753906 0.0091904640197753903 
